218 1111111111 1011111111.

homati· (111, 11), 11111, 71. 18111(11111(1-),11.,11111,24.
1101181, 11011111, 1101111111, 11118, 111181811111111, 11118·
urae. 1111, 11111.
11011111(111118-),11.,111111,66. 181111 (111181), 1., 111141.
1111111 (110111), m. 1., enemy, 111111(111,11),11111,71.
54. 111ᾱ8,111ᾶ118,111ᾶ111,111ᾶ-
1111181111 (51111818), m.‚ 11111, 111111.
11111111. laus (laud·)‚ f.‚ 111111, 25.
18118 (181151), 1., 111111, 38.
111811 (111811, 1111811), same, 1818, 181818, 1811, 1111111,
100. 6. read, 88.
1118 (111111, 11111), 1111, 100. 3. 1180181111, lion, 38.
111118 (111111111, 11111138. 18111 (8), 11111, 58.
111581 (111511), m.‚ 111111, 52. lex (lfig·)‚ 1., 111128.
immortalia (8), 1111111111. 11581 (11518),ι1.,1οο1,66.
In, 11, 111122. 115818, 11581818, 11581811,
111111(8),111111,58. · 1158111111, 1111111, 83.
11181111 (sun, 1), low, 77. 111111 (11181-),1.,11ον1.
1110111111(8), 1111111111, 58. longus (1111, 11), low, 71.
1111118(1111118-),1,111111,68. 16qu (161111), loquacium,
1118 (111111, 1111111111, 100. 5. 43.
11 (Id, 111), that, 11, 11111, 111181181118111111111,
11111(1111),1.,111. 11111(1111),ω.,1ρονι,1111,
, 1181 (lunen), n.‚ Journey, 41. 66,
111181 (111111-),1., 11111.
18118, 181818, 1811, 1111111, 11118 (111111), 1.,11011, 68.
111111, 87. lux (1111), 1., 11111, 28.
181111 (1818), m.‚ 1111, 66.
1111111111(111,11),11111111. 1118111181 (11111118), master,
jfldox (11111111111111, 28. toacher, 66.
11111181 (151), m.‚ Jupiter 11111111(1111,1),11111,71.
(the chief of the Roman 11181811111111, 77.
1111175. 11118, 111118, milui, prefer,
1111 (ism), 1.,11111, 41. 99. 4.
1181111(1111,1),511,77. “
185818, 1855111818581111, 118118, 1111818, manni,
1858111111, work. 1111111111111111.

licus (11111), m.‚ 1111, 61. 11181111 (1111-),1.,1111,61,

 

