LATIN-ENGLISH VOCABULARY

ΤΟ THE EXEROISES.

[1111 1111111111 rerer 11 81161111.)

ab, from, 11111 from, 22. 611116 (61116), 1., 111111, 68.
{bundans (6116161111), 1111111- arb& (arb6r·)‚ 1., eree, 38.
’ 61111, 43. 111661-(6111, 6), 611, 11.
6161 (616), 1111, 1111611, 61. 1116311111 (6116311111), arro·
6611, towards. 11111, 43.
11661 (1161), 1., house (like 11111111(1111111-),111.,1111’6111,
1161161, 61). 28.
11616111), 11,,11116, 66. 111616, 1116616, 111161, 6111,
{gilla (6), active, 68. 98.
616, 61616, 631, 111161, 61111, 111616, 1116116, 11161111, 11161-
19. 161, hear, 86. .
6161161 (-1111, 616), 1111111, 68. 111111 (11111-),1., ear, 64.
111161(6111,6),1111’11,11.6111(611-),1.,11116,64.
61111666 (6111116111) 1. ,1111111
68. 1111116 (1111116), 1., 111116, 68.
11161(6111,6),111·11,61111,11. 1161116161(111111616),111., 1111·
111111616,11111161616,1111116-11111111.
1611, 1116616161, 111111. 1111116111 (111116),11.,1111.
61111161 (6111116), 11,, friend. 111111(1.1,6),6111611, 13.
61116, 611616, 61116111, 61116161, 1161161 (6111, 6), qood, 11.
1111191. 1161 (1161), m. 1., ox, cow,
611161 (611161-),111., love. 16.
11116161 (11111616), 11,,1111111, 1116111 (61111111 (like 1111111,
61111116 (61111116),1.,11111111, 68.
61111161(6111111611-,) 11,,111111111,1666161(1666161)111.,1111111,
1111161(111116,) 11,,,111166 (111161(611161-),111., 611111.
1111111616(11111111116)1 111111-161111(16111-,) 11,.611
inq, 68. 16116, 1611616, 16111111, 1111161,
&pez (61116), m.‚ top, 28, 11111, 19.

 

