216 wrm-musa VOCABULARY.

55555 (55555), m., 5551, 66. 555555 (carrd), m., chariat,

55515, 555555, 5551555555, 61.

15115, 87. 555555 (555555), m., 5115511,

capnt (55515), 5., head, 41. 25.
5555155(5551515·),5,,15115, 41.
55555, 5555555555551, cam 55, down from, 5115111, 28.

155, 1115515, 32. dabilis (5), 155511, 58.
5555555(551555-),1.,5115111. 55511515 (5), 51551115 down,
5555, 555555, 55551, 555555, 58.

515111, 35. . cuni (5, ae), 1511 by 1511, 73.
5551515,51111116156, 73. 5555515115), m., 155111, 25.
51535, 5153555, clud, 5155- 5551555(515,11), 1111511.

555, 51111, 32. 5155, 515555, 5131, 515555,
51515 (5111), 511, citizen, 54. say, 32.

5151155 (5111115), 1,, 11515, 25. 5111151115 (-5), difficule.
5155515 (515551-),1.,]1551, 54. 51113555 (51113555), 1111155111,
555155515 (5), 1155551115, 58. 43.

5551551 (55515), n., heaven. disclpiffiis (5155111515), m.,
553155, 55311555, 55315551, 55511, 66.

5531511555, 11111111. 51555, 5155555, 515151, leam,
5515, 551555, 55151, 551555, 87.

cultivate, 79. 55555, 555555, 55551. doc.
commentanda (5515515515 555, 155511.

,5,), m., note book, 66. 55151555 (5551155), m., mas·
555551 (555551-),15., consul (5 ter (51 slaves), 66.

Roman magistrate), 38. 55555, 5515555, 551551, 55511.
555 (cord), n., 115511, 40. 555, tame, 85.

55555 (55555), 11.,115111,61. 555155 (55515 and 551115)

5555555(555555-), 1., eroum. 1., house, 115515, 61, 66 (115

555555, 55555555, 55555551, 1151115 as 5 5111151115,55555
5555515555, 5151511, 83. 1s used)

¹ corpfls (555555) n. Mbody 41. 5555, 555555, 555551, 5555

555555, 55555555, 55551, 555- 555, present, 83.

155, 51515, 87. 5555551 (5, ae), two hundred,
551515 (55151), m., 11511. 73.
crux (5555), 1., 5151528. 5555, 555555, duxi, 555555,
cupid& (cfipIdIn-)‚ m., desire. lead, 32.
55555, 5555555, 5555551, cur- 555 (d, 55), 1155, 73.

555, run, 80, 91. dstplex (555115), double, 74.

 

